resnet18: 0.9284697771072388
resnet34: 0.9455516338348389
resnet50: 0.9553380608558655
tf_efficientnet_b0: 0.867793619632721
tf_efficientnet_b2: 0.926690399646759
ensemble: 0.9701067805290222
