resnet18: 0.9380782842636108
resnet34: 0.9439501762390137
resnet50: 0.9537366628646851
tf_efficientnet_b0: 0.9076512455940247
tf_efficientnet_b2: 0.9297153353691101
ensemble: 0.9743772149085999
