densenet121: 0.782608687877655
densenet161: 0.772946834564209
densenet201: 0.838164210319519
ensemble: 0.8454106450080872
