densenet121: 0.76752769947052
densenet161: 0.8468635082244873
densenet201: 0.8247232437133789
ensemble: 0.839483380317688
