densenet121: 1.0
densenet161: 0.9000000357627869
densenet201: 0.9333333969116211
ensemble: 0.9000000357627869
