densenet121: 0.32608696818351746
densenet161: 0.28260868787765503
densenet201: 0.28260868787765503
ensemble: 0.3478260934352875
