resnet18: 0.9434163570404053
resnet34: 0.9494662284851074
resnet50: 0.9508897066116333
tf_efficientnet_b0: 0.9222419857978821
tf_efficientnet_b2: 0.9387900233268738
ensemble: 0.9736654758453369
