resnet18: 0.9393238425254822
resnet34: 0.9492882490158081
resnet50: 0.950711727142334
tf_efficientnet_b0: 0.9090747237205505
tf_efficientnet_b2: 0.9345195889472961
ensemble: 0.9738433957099915
