resnet18: 0.9430605173110962
resnet34: 0.9491103291511536
resnet50: 0.9508897066116333
tf_efficientnet_b0: 0.9217081665992737
tf_efficientnet_b2: 0.9379003643989563
ensemble: 0.9740213751792908
