resnet18: 0.941459059715271
resnet34: 0.9483985900878906
resnet50: 0.950711727142334
tf_efficientnet_b0: 0.9201067686080933
tf_efficientnet_b2: 0.9368327260017395
ensemble: 0.9743772149085999
