resnet18: 0.9434163570404053
resnet34: 0.9494662284851074
resnet50: 0.9508897066116333
tf_efficientnet_b0: 0.9238434433937073
tf_efficientnet_b2: 0.9391459226608276
ensemble: 0.9731316566467285
