resnet18: 0.9411032199859619
resnet34: 0.9492882490158081
resnet50: 0.9503558874130249
tf_efficientnet_b0: 0.9177936315536499
tf_efficientnet_b2: 0.9346975088119507
ensemble: 0.9738433957099915
