resnet18: 0.9430605173110962
resnet34: 0.9491103291511536
resnet50: 0.9510676264762878
tf_efficientnet_b0: 0.9199288487434387
tf_efficientnet_b2: 0.9361209869384766
ensemble: 0.9738433957099915
