resnet18: 0.940391480922699
resnet34: 0.9446619153022766
resnet50: 0.9501779675483704
tf_efficientnet_b0: 0.9062277674674988
tf_efficientnet_b2: 0.9279359579086304
ensemble: 0.9720640778541565
