resnet18: 0.6809747815132141
resnet34: 0.666297435760498
resnet50: 0.6521738767623901
tf_efficientnet_b0: 0.664912760257721
tf_efficientnet_b2: 0.6480199098587036
ensemble: 0.6917751431465149
