resnet18: 0.6812517046928406
resnet34: 0.666297435760498
resnet50: 0.6518969535827637
tf_efficientnet_b0: 0.664912760257721
tf_efficientnet_b2: 0.6482968330383301
ensemble: 0.6931597590446472
