resnet18: 0.6818055510520935
resnet34: 0.6674051284790039
resnet50: 0.6535585522651672
tf_efficientnet_b0: 0.6696205735206604
tf_efficientnet_b2: 0.6513431072235107
ensemble: 0.6945444345474243
