resnet18: 0.6801440119743347
resnet34: 0.662420392036438
resnet50: 0.6480199098587036
tf_efficientnet_b0: 0.6513431072235107
tf_efficientnet_b2: 0.6242038011550903
ensemble: 0.6793131828308105
