resnet18: 0.6812517046928406
resnet34: 0.6674051284790039
resnet50: 0.6560509204864502
tf_efficientnet_b0: 0.6701744198799133
tf_efficientnet_b2: 0.6510661840438843
ensemble: 0.6948213577270508
