resnet18: 0.6812517046928406
resnet34: 0.666851282119751
resnet50: 0.6530047059059143
tf_efficientnet_b0: 0.6654666066169739
tf_efficientnet_b2: 0.6491276621818542
ensemble: 0.6928828358650208
