resnet18: 0.681528627872467
resnet34: 0.6671282052993774
resnet50: 0.6527277827262878
tf_efficientnet_b0: 0.6676820516586304
tf_efficientnet_b2: 0.6518969535827637
ensemble: 0.6939905881881714
