resnet18: 0.6831902265548706
resnet34: 0.6676820516586304
resnet50: 0.6554970741271973
tf_efficientnet_b0: 0.6701744198799133
tf_efficientnet_b2: 0.6513431072235107
ensemble: 0.6956521272659302
