resnet18: 0.6818055510520935
resnet34: 0.6671282052993774
resnet50: 0.6538354754447937
tf_efficientnet_b0: 0.6701744198799133
tf_efficientnet_b2: 0.6513431072235107
ensemble: 0.6945444345474243
