resnet18: 0.6812517046928406
resnet34: 0.6671282052993774
resnet50: 0.6535585522651672
tf_efficientnet_b0: 0.6685128808021545
tf_efficientnet_b2: 0.6513431072235107
ensemble: 0.6945444345474243
