resnet18: 0.6804209351539612
resnet34: 0.664358913898468
resnet50: 0.6560509204864502
tf_efficientnet_b0: 0.6416504979133606
tf_efficientnet_b2: 0.6098033785820007
ensemble: 0.6782054901123047
