resnet18: 0.681528627872467
resnet34: 0.6651896834373474
resnet50: 0.6510661840438843
tf_efficientnet_b0: 0.6632511615753174
tf_efficientnet_b2: 0.6455275416374207
ensemble: 0.6895596385002136
