resnet18: 0.6818055510520935
resnet34: 0.6676820516586304
resnet50: 0.6568817496299744
tf_efficientnet_b0: 0.6704514026641846
tf_efficientnet_b2: 0.6516200304031372
ensemble: 0.6962060332298279
