resnet18: 0.6812517046928406
resnet34: 0.666851282119751
resnet50: 0.6530047059059143
tf_efficientnet_b0: 0.666851282119751
tf_efficientnet_b2: 0.6499584317207336
ensemble: 0.6937136054039001
