resnet18: 0.6820825338363647
resnet34: 0.6626973152160645
resnet50: 0.6494045853614807
tf_efficientnet_b0: 0.6602048873901367
tf_efficientnet_b2: 0.6372196078300476
ensemble: 0.6859595775604248
