resnet18: 0.6806978583335876
resnet34: 0.6638050079345703
resnet50: 0.6502353549003601
tf_efficientnet_b0: 0.6610357165336609
tf_efficientnet_b2: 0.6435890197753906
ensemble: 0.6878980994224548
