resnet18: 0.6826363801956177
resnet34: 0.6674051284790039
resnet50: 0.6571586728096008
tf_efficientnet_b0: 0.6701744198799133
tf_efficientnet_b2: 0.6513431072235107
ensemble: 0.6962060332298279
