resnet18: 0.6787593364715576
resnet34: 0.6607587933540344
resnet50: 0.6466352343559265
tf_efficientnet_b0: 0.6566048264503479
tf_efficientnet_b2: 0.6325117349624634
ensemble: 0.6790362596511841
