resnet18: 0.681528627872467
resnet34: 0.6671282052993774
resnet50: 0.6543893218040466
tf_efficientnet_b0: 0.6690667271614075
tf_efficientnet_b2: 0.6510661840438843
ensemble: 0.6950982809066772
