resnet18: 0.6818055510520935
resnet34: 0.666851282119751
resnet50: 0.6552201509475708
tf_efficientnet_b0: 0.6696205735206604
tf_efficientnet_b2: 0.6513431072235107
ensemble: 0.6953752040863037
