resnet18: 0.681528627872467
resnet34: 0.6679589748382568
resnet50: 0.6571586728096008
tf_efficientnet_b0: 0.6701744198799133
tf_efficientnet_b2: 0.6516200304031372
ensemble: 0.6956521272659302
