resnet18: 0.6812517046928406
resnet34: 0.6632511615753174
resnet50: 0.6491276621818542
tf_efficientnet_b0: 0.6607587933540344
tf_efficientnet_b2: 0.6410966515541077
ensemble: 0.6854056715965271
