resnet18: 0.6806978583335876
resnet34: 0.6635280847549438
resnet50: 0.6502353549003601
tf_efficientnet_b0: 0.6610357165336609
tf_efficientnet_b2: 0.6422043442726135
ensemble: 0.6865134239196777
