resnet18: 0.6801440119743347
resnet34: 0.6626973152160645
resnet50: 0.6482968330383301
tf_efficientnet_b0: 0.6588202714920044
tf_efficientnet_b2: 0.6377734541893005
ensemble: 0.6834671497344971
