resnet18: 0.6818055510520935
resnet34: 0.6654666066169739
resnet50: 0.6507892608642578
tf_efficientnet_b0: 0.6638050079345703
tf_efficientnet_b2: 0.6463583111763
ensemble: 0.6917751431465149
