resnet18: 0.679590106010437
resnet34: 0.675159215927124
resnet50: 0.6793131828308105
tf_efficientnet_b0: 0.6147881150245667
tf_efficientnet_b2: 0.5967875719070435
ensemble: 0.6759899854660034
