resnet18: 0.6829133033752441
resnet34: 0.6679589748382568
resnet50: 0.6557739973068237
tf_efficientnet_b0: 0.6704514026641846
tf_efficientnet_b2: 0.6516200304031372
ensemble: 0.6962060332298279
