densenet121: 0.4449999928474426
densenet161: 0.4449999928474426
densenet201: 0.4449999928474426
ensemble: 0.3999999761581421
