densenet121: 0.429999977350235
densenet161: 0.429999977350235
densenet201: 0.429999977350235
ensemble: 0.3999999761581421
