densenet121: 0.4350000023841858
densenet161: 0.4350000023841858
densenet201: 0.4350000023841858
ensemble: 0.3999999761581421
