densenet121: 0.3799999952316284
densenet161: 0.3799999952316284
densenet201: 0.3799999952316284
ensemble: 0.39499998092651367
