densenet121: 0.3999999761581421
densenet161: 0.3999999761581421
densenet201: 0.3999999761581421
ensemble: 0.38499999046325684
