densenet121: 0.38499999046325684
densenet161: 0.4099999964237213
densenet201: 0.38499999046325684
ensemble: 0.35499998927116394
