densenet121: 0.44999998807907104
densenet161: 0.44999998807907104
densenet201: 0.44999998807907104
ensemble: 0.38999998569488525
