densenet121: 0.39499998092651367
densenet161: 0.39499998092651367
densenet201: 0.39499998092651367
ensemble: 0.39499998092651367
