densenet121: 0.38999998569488525
densenet161: 0.38999998569488525
densenet201: 0.38999998569488525
ensemble: 0.3799999952316284
