densenet121: 0.35499998927116394
densenet161: 0.35499998927116394
densenet201: 0.35499998927116394
ensemble: 0.41999998688697815
