densenet121: 0.7915129065513611
densenet161: 0.8523985147476196
densenet201: 0.830258309841156
ensemble: 0.8431734442710876
