densenet121: 0.4749999940395355
densenet161: 0.32499998807907104
densenet201: 0.5149999856948853
ensemble: 0.4599999785423279
