densenet121: 0.4699999988079071
densenet161: 0.47999998927116394
densenet201: 0.5399999618530273
ensemble: 0.5049999952316284
