densenet121: 0.4699999988079071
densenet161: 0.3050000071525574
densenet201: 0.5399999618530273
ensemble: 0.4350000023841858
