densenet121: 0.4099999964237213
densenet161: 0.3400000035762787
densenet201: 0.4350000023841858
ensemble: 0.38499999046325684
