densenet121: 0.45499998331069946
densenet161: 0.3100000023841858
densenet201: 0.5199999809265137
ensemble: 0.44999998807907104
