densenet121: 0.4650000035762787
densenet161: 0.7199999690055847
densenet201: 0.4099999964237213
ensemble: 0.4949999749660492
