densenet121: 0.42499998211860657
densenet161: 0.5
densenet201: 0.4949999749660492
ensemble: 0.4599999785423279
