densenet121: 0.4588235318660736
densenet161: 0.2705882489681244
densenet201: 0.4470588266849518
ensemble: 0.2823529541492462
