densenet121: 0.48235294222831726
densenet161: 0.4588235318660736
densenet201: 0.42352941632270813
ensemble: 0.4470588266849518
