densenet121: 0.6499584317207336
densenet161: 0.7510384917259216
densenet201: 0.7144834995269775
ensemble: 0.7549155354499817
