densenet121: 0.7509225010871887
densenet161: 0.839483380317688
densenet201: 0.8099631071090698
ensemble: 0.8616236448287964
