densenet121: 0.48235294222831726
densenet161: 0.47058823704719543
densenet201: 0.4470588266849518
ensemble: 0.47058823704719543
