densenet121: 0.4470588266849518
densenet161: 0.47058823704719543
densenet201: 0.4588235318660736
ensemble: 0.4588235318660736
