densenet121: 0.4941176474094391
densenet161: 0.48235294222831726
densenet201: 0.4117647111415863
ensemble: 0.4470588266849518
