densenet121: 0.47058823704719543
densenet161: 0.48235294222831726
densenet201: 0.4000000059604645
ensemble: 0.4588235318660736
