densenet121: 0.5058823823928833
densenet161: 0.47058823704719543
densenet201: 0.43529412150382996
ensemble: 0.47058823704719543
