densenet121: 0.48235294222831726
densenet161: 0.47058823704719543
densenet201: 0.42352941632270813
ensemble: 0.43529412150382996
