densenet121: 0.47058823704719543
densenet161: 0.47058823704719543
densenet201: 0.38823530077934265
ensemble: 0.4588235318660736
