densenet121: 0.47058823704719543
densenet161: 0.48235294222831726
densenet201: 0.43529412150382996
ensemble: 0.48235294222831726
