densenet121: 0.5411764979362488
densenet161: 0.5176470875740051
densenet201: 0.4588235318660736
ensemble: 0.529411792755127
