densenet121: 0.47058823704719543
densenet161: 0.4588235318660736
densenet201: 0.42352941632270813
ensemble: 0.47058823704719543
