densenet121: 0.48235294222831726
densenet161: 0.4470588266849518
densenet201: 0.3764705955982208
ensemble: 0.4588235318660736
