densenet121: 0.4941176474094391
densenet161: 0.4470588266849518
densenet201: 0.42352941632270813
ensemble: 0.4588235318660736
