densenet121: 0.4588235318660736
densenet161: 0.4588235318660736
densenet201: 0.4000000059604645
ensemble: 0.4588235318660736
