densenet121: 0.4941176474094391
densenet161: 0.4941176474094391
densenet201: 0.4470588266849518
ensemble: 0.48235294222831726
