densenet121: 0.529411792755127
densenet161: 0.4588235318660736
densenet201: 0.43529412150382996
ensemble: 0.48235294222831726
