densenet121: 0.4941176474094391
densenet161: 0.48235294222831726
densenet201: 0.42352941632270813
ensemble: 0.48235294222831726
