densenet121: 0.4470588266849518
densenet161: 0.4588235318660736
densenet201: 0.43529412150382996
ensemble: 0.4588235318660736
