densenet121: 0.5058823823928833
densenet161: 0.5058823823928833
densenet201: 0.4588235318660736
ensemble: 0.5058823823928833
