densenet121: 0.4588235318660736
densenet161: 0.4470588266849518
densenet201: 0.4470588266849518
ensemble: 0.4588235318660736
