densenet121: 0.43529412150382996
densenet161: 0.2823529541492462
densenet201: 0.364705890417099
ensemble: 0.38823530077934265
