resnet18: 0.6657435297966003
resnet34: 0.666851282119751
resnet50: 0.6682359576225281
tf_efficientnet_b0: 0.5804486274719238
tf_efficientnet_b2: 0.5621711015701294
ensemble: 0.6552201509475708
