densenet121: 0.5189573764801025
densenet161: 0.7251185178756714
densenet201: 0.49644550681114197
ensemble: 0.49644550681114197
