densenet121: 0.0731707289814949
densenet161: 0.1463414579629898
densenet201: 0.1317073106765747
ensemble: 0.0585365854203701
