densenet121: 0.053658537566661835
densenet161: 0.053658537566661835
densenet201: 0.16585366427898407
ensemble: 0.053658537566661835
