densenet121: 0.06829268485307693
densenet161: 0.053658537566661835
densenet201: 0.15121951699256897
ensemble: 0.04878048598766327
