densenet121: 0.07804878056049347
densenet161: 0.07804878056049347
densenet201: 0.15609756112098694
ensemble: 0.039024390280246735
