densenet121: 0.7712177038192749
densenet161: 0.839483380317688
densenet169: 0.4833948314189911
ensemble: 0.7656826376914978
