densenet121: 0.7693727016448975
densenet161: 0.8542435765266418
densenet201: 0.8228782415390015
resnet50: 0.553505539894104
resnet152: 0.298893004655838
ensemble: 0.7841328382492065
