resnet18: 0.7058823704719543
resnet34: 0.5764706134796143
resnet50: 0.5647059082984924
tf_efficientnet_b0: 0.6117647290229797
tf_efficientnet_b2: 0.6235294342041016
ensemble: 0.6117647290229797
