resnet18: 0.6235294342041016
resnet34: 0.5882353186607361
resnet50: 0.5764706134796143
tf_efficientnet_b0: 0.529411792755127
tf_efficientnet_b2: 0.6352941393852234
ensemble: 0.6352941393852234
