resnet18: 0.6117647290229797
resnet34: 0.6352941393852234
resnet50: 0.5764706134796143
tf_efficientnet_b0: 0.6352941393852234
tf_efficientnet_b2: 0.6352941393852234
ensemble: 0.6235294342041016
