resnet18: 0.6000000238418579
resnet34: 0.6000000238418579
resnet50: 0.5882353186607361
tf_efficientnet_b0: 0.5411764979362488
tf_efficientnet_b2: 0.6117647290229797
ensemble: 0.6117647290229797
