resnet18: 0.6470588445663452
resnet34: 0.5882353186607361
resnet50: 0.6000000238418579
tf_efficientnet_b0: 0.6823529601097107
tf_efficientnet_b2: 0.6352941393852234
ensemble: 0.6823529601097107
