resnet18: 0.6823529601097107
resnet34: 0.6352941393852234
resnet50: 0.6117647290229797
tf_efficientnet_b0: 0.6705882549285889
tf_efficientnet_b2: 0.6352941393852234
ensemble: 0.6823529601097107
