resnet18: 0.6235294342041016
resnet34: 0.6117647290229797
resnet50: 0.5882353186607361
tf_efficientnet_b0: 0.6000000238418579
tf_efficientnet_b2: 0.6235294342041016
ensemble: 0.6470588445663452
