densenet121: 0.4033898115158081
densenet161: 0.511864423751831
densenet201: 0.5694915056228638
ensemble: 0.5288135409355164
