densenet121: 0.0585365854203701
densenet161: 0.17073170840740204
densenet201: 0.09756097197532654
ensemble: 0.06829268485307693
