resnet18: 0.6000000238418579
resnet34: 0.6235294342041016
resnet50: 0.5647059082984924
tf_efficientnet_b0: 0.5764706134796143
tf_efficientnet_b2: 0.6705882549285889
ensemble: 0.658823549747467
