resnet18: 0.6649999618530273
resnet34: 0.699999988079071
resnet50: 0.6699999570846558
tf_efficientnet_b0: 0.5550000071525574
tf_efficientnet_b2: 0.550000011920929
ensemble: 0.6449999809265137
