resnet18: 0.6150000095367432
resnet34: 0.6599999666213989
resnet50: 0.6549999713897705
tf_efficientnet_b0: 0.5299999713897705
tf_efficientnet_b2: 0.5149999856948853
ensemble: 0.6049999594688416
