resnet18: 0.6299999952316284
resnet34: 0.675000011920929
resnet50: 0.6399999856948853
tf_efficientnet_b0: 0.5450000166893005
tf_efficientnet_b2: 0.5699999928474426
ensemble: 0.6349999904632568
