resnet18: 0.6449999809265137
resnet34: 0.6399999856948853
resnet50: 0.6800000071525574
tf_efficientnet_b0: 0.5600000023841858
tf_efficientnet_b2: 0.5600000023841858
ensemble: 0.6150000095367432
