densenet121: 0.45499998331069946
densenet161: 0.6899999976158142
densenet201: 0.3999999761581421
ensemble: 0.44999998807907104
