densenet121: 0.45499998331069946
densenet161: 0.7099999785423279
densenet201: 0.38999998569488525
ensemble: 0.4749999940395355
