densenet121: 0.4650000035762787
densenet161: 0.5049999952316284
densenet201: 0.4050000011920929
ensemble: 0.4350000023841858
