densenet121: 0.47999998927116394
densenet161: 0.3199999928474426
densenet201: 0.5450000166893005
ensemble: 0.45499998331069946
