densenet121: 0.7933579683303833
densenet161: 0.8726937174797058
densenet201: 0.839483380317688
ensemble: 0.8579335808753967
