densenet121: 0.7435424327850342
densenet161: 0.821033239364624
densenet169: 0.47047969698905945
densenet201: 0.8044280409812927
inception_v3: 0.298893004655838
ensemble: 0.7970479726791382
