resnet18: 0.6499999761581421
resnet34: 0.73499995470047
resnet50: 0.6850000023841858
tf_efficientnet_b0: 0.5399999618530273
tf_efficientnet_b2: 0.5450000166893005
ensemble: 0.6649999618530273
