resnet18: 0.699999988079071
resnet34: 0.699999988079071
resnet50: 0.6399999856948853
tf_efficientnet_b0: 0.6100000143051147
tf_efficientnet_b2: 0.5849999785423279
ensemble: 0.6649999618530273
