resnet18: 0.6899999976158142
resnet34: 0.699999988079071
resnet50: 0.6299999952316284
tf_efficientnet_b0: 0.6499999761581421
tf_efficientnet_b2: 0.6049999594688416
ensemble: 0.6800000071525574
