resnet18: 0.6850000023841858
resnet34: 0.6800000071525574
resnet50: 0.6949999928474426
tf_efficientnet_b0: 0.6049999594688416
tf_efficientnet_b2: 0.5849999785423279
ensemble: 0.6800000071525574
