resnet18: 0.6449999809265137
resnet34: 0.6549999713897705
resnet50: 0.625
tf_efficientnet_b0: 0.6299999952316284
tf_efficientnet_b2: 0.6200000047683716
ensemble: 0.6649999618530273
