resnet18: 0.7049999833106995
resnet34: 0.699999988079071
resnet50: 0.6949999928474426
tf_efficientnet_b0: 0.6549999713897705
tf_efficientnet_b2: 0.6449999809265137
ensemble: 0.7049999833106995
