resnet18: 0.6349999904632568
resnet34: 0.6899999976158142
resnet50: 0.6649999618530273
tf_efficientnet_b0: 0.625
tf_efficientnet_b2: 0.6049999594688416
ensemble: 0.6549999713897705
