resnet18: 0.675000011920929
resnet34: 0.6800000071525574
resnet50: 0.6599999666213989
tf_efficientnet_b0: 0.6200000047683716
tf_efficientnet_b2: 0.6150000095367432
ensemble: 0.6699999570846558
