resnet18: 0.675000011920929
resnet34: 0.675000011920929
resnet50: 0.6899999976158142
tf_efficientnet_b0: 0.6100000143051147
tf_efficientnet_b2: 0.5799999833106995
ensemble: 0.6899999976158142
