resnet18: 0.675000011920929
resnet34: 0.699999988079071
resnet50: 0.699999988079071
tf_efficientnet_b0: 0.5600000023841858
tf_efficientnet_b2: 0.5849999785423279
ensemble: 0.6800000071525574
