resnet18: 0.6399999856948853
resnet34: 0.699999988079071
resnet50: 0.675000011920929
tf_efficientnet_b0: 0.574999988079071
tf_efficientnet_b2: 0.5699999928474426
ensemble: 0.675000011920929
