resnet18: 0.6850000023841858
resnet34: 0.6699999570846558
resnet50: 0.6649999618530273
tf_efficientnet_b0: 0.6549999713897705
tf_efficientnet_b2: 0.5799999833106995
ensemble: 0.6699999570846558
