resnet18: 0.7170495986938477
resnet34: 0.7013301253318787
resnet50: 0.6819831132888794
tf_efficientnet_b0: 0.6952841877937317
tf_efficientnet_b2: 0.6892382502555847
ensemble: 0.7267231345176697
