resnet18: 0.7061668634414673
resnet34: 0.665054440498352
resnet50: 0.6735187768936157
tf_efficientnet_b0: 0.6565901041030884
tf_efficientnet_b2: 0.6481257677078247
ensemble: 0.7110036611557007
