resnet18: 0.7291414737701416
resnet34: 0.7037485241889954
resnet50: 0.6844014525413513
tf_efficientnet_b0: 0.6940749883651733
tf_efficientnet_b2: 0.69649338722229
ensemble: 0.7351874709129333
