resnet18: 0.743651807308197
resnet34: 0.714631199836731
resnet50: 0.6952841877937317
tf_efficientnet_b0: 0.7073760628700256
tf_efficientnet_b2: 0.708585262298584
ensemble: 0.7569528818130493
