resnet18: 0.714631199836731
resnet34: 0.7073760628700256
resnet50: 0.6856106519699097
tf_efficientnet_b0: 0.714631199836731
tf_efficientnet_b2: 0.6735187768936157
ensemble: 0.7315598726272583
