resnet18: 0.7255139350891113
resnet34: 0.698911726474762
resnet50: 0.708585262298584
tf_efficientnet_b0: 0.6977025866508484
tf_efficientnet_b2: 0.7230955362319946
ensemble: 0.7484885454177856
