resnet18: 0.7097944617271423
resnet34: 0.7291414737701416
resnet50: 0.698911726474762
tf_efficientnet_b0: 0.6856106519699097
tf_efficientnet_b2: 0.6783555150032043
ensemble: 0.733978271484375
