resnet18: 0.733978271484375
resnet34: 0.692865788936615
resnet50: 0.6940749883651733
tf_efficientnet_b0: 0.6940749883651733
tf_efficientnet_b2: 0.7097944617271423
ensemble: 0.7484885454177856
