resnet18: 0.7158403992652893
resnet34: 0.7049577236175537
resnet50: 0.6735187768936157
tf_efficientnet_b0: 0.702539324760437
tf_efficientnet_b2: 0.6916565895080566
ensemble: 0.7194679975509644
