resnet18: 0.7206771969795227
resnet34: 0.7037485241889954
resnet50: 0.65538090467453
tf_efficientnet_b0: 0.6880290508270264
tf_efficientnet_b2: 0.677146315574646
ensemble: 0.7412334084510803
