resnet18: 0.6892382502555847
resnet34: 0.680773913860321
resnet50: 0.6880290508270264
tf_efficientnet_b0: 0.5538089871406555
tf_efficientnet_b2: 0.6142684817314148
ensemble: 0.6795647144317627
