resnet18: 0.7073760628700256
resnet34: 0.7049577236175537
resnet50: 0.6577993035316467
tf_efficientnet_b0: 0.6916565895080566
tf_efficientnet_b2: 0.6686819791793823
ensemble: 0.7158403992652893
