resnet18: 0.8564056754112244
resnet34: 0.8524910807609558
resnet50: 0.8572953939437866
tf_efficientnet_b0: 0.8258007168769836
tf_efficientnet_b2: 0.8279359340667725
ensemble: 0.8870106935501099
