resnet18: 0.8555160164833069
resnet34: 0.8539146184921265
resnet50: 0.8576512336730957
tf_efficientnet_b0: 0.7916370034217834
tf_efficientnet_b2: 0.826334536075592
ensemble: 0.884875476360321
