resnet18: 0.8619217276573181
resnet34: 0.8553380966186523
resnet50: 0.8590747117996216
tf_efficientnet_b0: 0.8044484257698059
tf_efficientnet_b2: 0.8195729851722717
ensemble: 0.8868327736854553
