resnet18: 0.8562277555465698
resnet34: 0.8549821972846985
resnet50: 0.8580071330070496
tf_efficientnet_b0: 0.8076512813568115
tf_efficientnet_b2: 0.827046275138855
ensemble: 0.8859430551528931
