resnet18: 0.8558719158172607
resnet34: 0.8537366390228271
resnet50: 0.8562277555465698
tf_efficientnet_b0: 0.8179715275764465
tf_efficientnet_b2: 0.8274021148681641
ensemble: 0.8891459107398987
