resnet18: 0.8564056754112244
resnet34: 0.8524910807609558
resnet50: 0.8574733138084412
tf_efficientnet_b0: 0.8154804110527039
tf_efficientnet_b2: 0.8272241950035095
ensemble: 0.8850533962249756
