resnet18: 0.8551601767539978
resnet34: 0.8523131608963013
resnet50: 0.8564056754112244
tf_efficientnet_b0: 0.8258007168769836
tf_efficientnet_b2: 0.8265124559402466
ensemble: 0.8891459107398987
