resnet18: 0.8564056754112244
resnet34: 0.8521352410316467
resnet50: 0.8571174740791321
tf_efficientnet_b0: 0.8234875798225403
tf_efficientnet_b2: 0.8277580142021179
ensemble: 0.8862989544868469
