resnet18: 0.8565836548805237
resnet34: 0.8524910807609558
resnet50: 0.8574733138084412
tf_efficientnet_b0: 0.8229537606239319
tf_efficientnet_b2: 0.8277580142021179
ensemble: 0.8859430551528931
