resnet18: 0.857829213142395
resnet34: 0.8526690602302551
resnet50: 0.8580071330070496
tf_efficientnet_b0: 0.822597861289978
tf_efficientnet_b2: 0.8268683552742004
ensemble: 0.8864768743515015
