densenet121: 0.5161290168762207
densenet161: 0.09677419066429138
densenet201: 0.3870967626571655
ensemble: 0.16129031777381897
