resnet18: 0.7299999594688416
resnet34: 0.699999988079071
resnet50: 0.6949999928474426
tf_efficientnet_b0: 0.5949999690055847
tf_efficientnet_b2: 0.5999999642372131
ensemble: 0.6949999928474426
