resnet18: 0.6150000095367432
resnet34: 0.6850000023841858
resnet50: 0.675000011920929
tf_efficientnet_b0: 0.5949999690055847
tf_efficientnet_b2: 0.5649999976158142
ensemble: 0.6549999713897705
