resnet18: 0.7149999737739563
resnet34: 0.699999988079071
resnet50: 0.7299999594688416
tf_efficientnet_b0: 0.6100000143051147
tf_efficientnet_b2: 0.5799999833106995
ensemble: 0.7299999594688416
