resnet18: 0.9400355815887451
resnet34: 0.9293594360351562
resnet50: 0.90409255027771
tf_efficientnet_b0: 0.5774021148681641
tf_efficientnet_b2: 0.732206404209137
ensemble: 0.9638789892196655
