resnet18: 0.9412811398506165
resnet34: 0.9165480732917786
resnet50: 0.9097864627838135
tf_efficientnet_b0: 0.5613878965377808
tf_efficientnet_b2: 0.7620996236801147
ensemble: 0.9640569686889648
