resnet18: 0.9551601409912109
resnet34: 0.9286476969718933
resnet50: 0.8994662165641785
tf_efficientnet_b0: 0.567081868648529
tf_efficientnet_b2: 0.6854092478752136
ensemble: 0.9617437720298767
