resnet18: 0.9225978851318359
resnet34: 0.935943067073822
resnet50: 0.9439501762390137
tf_efficientnet_b0: 0.7379003763198853
tf_efficientnet_b2: 0.936654806137085
ensemble: 0.972953736782074
