resnet18: 0.9338078498840332
resnet34: 0.9455516338348389
resnet50: 0.9535587430000305
tf_efficientnet_b0: 0.823309600353241
tf_efficientnet_b2: 0.9277580380439758
ensemble: 0.96921706199646
