resnet18: 0.9078291654586792
resnet34: 0.9263345003128052
resnet50: 0.9339857697486877
tf_efficientnet_b0: 0.636654794216156
tf_efficientnet_b2: 0.9316726326942444
ensemble: 0.968505322933197
