resnet18: 0.8836299180984497
resnet34: 0.922953724861145
resnet50: 0.9154804348945618
tf_efficientnet_b0: 0.5754448175430298
tf_efficientnet_b2: 0.8613879084587097
ensemble: 0.9702847003936768
