resnet18: 0.9526690244674683
resnet34: 0.9338078498840332
resnet50: 0.8877224326133728
tf_efficientnet_b0: 0.586654782295227
tf_efficientnet_b2: 0.6889680027961731
ensemble: 0.9624555110931396
