resnet18: 0.9411032199859619
resnet34: 0.9441280961036682
resnet50: 0.9516014456748962
tf_efficientnet_b0: 0.9060498476028442
tf_efficientnet_b2: 0.9332740306854248
ensemble: 0.9754448533058167
