resnet18: 0.9179715514183044
resnet34: 0.9119217395782471
resnet50: 0.9222419857978821
tf_efficientnet_b0: 0.5850533843040466
tf_efficientnet_b2: 0.9154804348945618
ensemble: 0.9704626202583313
