densenet121: 0.7509225010871887
densenet161: 0.8450184464454651
densenet201: 0.821033239364624
ensemble: 0.8487085103988647
