resnet18: 0.6067796349525452
resnet34: 0.5728813409805298
resnet50: 0.6169491410255432
tf_efficientnet_b0: 0.5864406824111938
tf_efficientnet_b2: 0.5898305177688599
ensemble: 0.6135593056678772
