resnet18: 0.6101694703102112
resnet34: 0.5694915056228638
resnet50: 0.6203389763832092
tf_efficientnet_b0: 0.5830508470535278
tf_efficientnet_b2: 0.5898305177688599
ensemble: 0.6101694703102112
