resnet18: 0.6135593056678772
resnet34: 0.5728813409805298
resnet50: 0.6237288117408752
tf_efficientnet_b0: 0.5830508470535278
tf_efficientnet_b2: 0.5932203531265259
ensemble: 0.6169491410255432
