resnet18: 0.6135593056678772
resnet34: 0.5728813409805298
resnet50: 0.6203389763832092
tf_efficientnet_b0: 0.5830508470535278
tf_efficientnet_b2: 0.5932203531265259
ensemble: 0.6203389763832092
