resnet18: 0.6101694703102112
resnet34: 0.5728813409805298
resnet50: 0.6372881531715393
tf_efficientnet_b0: 0.5830508470535278
tf_efficientnet_b2: 0.5932203531265259
ensemble: 0.6169491410255432
