densenet121: 0.7502076625823975
densenet161: 0.30794793367385864
densenet201: 0.30794793367385864
ensemble: 0.30351701378822327
