densenet121: 0.6571586728096008
densenet161: 0.7515923380851746
densenet201: 0.7222375869750977
ensemble: 0.749930739402771
