densenet121: 0.31200000643730164
densenet161: 0.3760000169277191
densenet201: 0.64000004529953
ensemble: 0.36000001430511475
