resnet18: 0.8606761693954468
resnet34: 0.8553380966186523
resnet50: 0.8476868271827698
tf_efficientnet_b0: 0.821530282497406
tf_efficientnet_b2: 0.8327402472496033
ensemble: 0.8852313160896301
