resnet18: 0.8560498356819153
resnet34: 0.8572953939437866
resnet50: 0.8517793416976929
tf_efficientnet_b0: 0.7978647947311401
tf_efficientnet_b2: 0.8258007168769836
ensemble: 0.887366533279419
