resnet18: 0.8467971682548523
resnet34: 0.8475089073181152
resnet50: 0.8467971682548523
tf_efficientnet_b0: 0.8014234900474548
tf_efficientnet_b2: 0.827046275138855
ensemble: 0.8779359459877014
