resnet18: 0.8587188720703125
resnet34: 0.857829213142395
resnet50: 0.8565836548805237
tf_efficientnet_b0: 0.8231316804885864
tf_efficientnet_b2: 0.8352313041687012
ensemble: 0.8889679908752441
