resnet18: 0.8571174740791321
resnet34: 0.8462633490562439
resnet50: 0.854804277420044
tf_efficientnet_b0: 0.8151245713233948
tf_efficientnet_b2: 0.830782949924469
ensemble: 0.8886120915412903
