resnet18: 0.8599644303321838
resnet34: 0.8532028794288635
resnet50: 0.8544483780860901
tf_efficientnet_b0: 0.8217082023620605
tf_efficientnet_b2: 0.832562267780304
ensemble: 0.8868327736854553
