resnet18: 0.8542704582214355
resnet34: 0.854092538356781
resnet50: 0.849644124507904
tf_efficientnet_b0: 0.7991103529930115
tf_efficientnet_b2: 0.8229537606239319
ensemble: 0.8816726207733154
