resnet18: 0.8483985662460327
resnet34: 0.8510676026344299
resnet50: 0.8425266742706299
tf_efficientnet_b0: 0.817793607711792
tf_efficientnet_b2: 0.8352313041687012
ensemble: 0.8841637372970581
