resnet18: 0.8471530079841614
resnet34: 0.8466192483901978
resnet50: 0.8462633490562439
tf_efficientnet_b0: 0.8304270505905151
tf_efficientnet_b2: 0.8243772387504578
ensemble: 0.8829181790351868
