resnet18: 0.8590747117996216
resnet34: 0.8576512336730957
resnet50: 0.8457295298576355
tf_efficientnet_b0: 0.8090747594833374
tf_efficientnet_b2: 0.8304270505905151
ensemble: 0.8836299180984497
