resnet18: 0.8542704582214355
resnet34: 0.8562277555465698
resnet50: 0.8526690602302551
tf_efficientnet_b0: 0.817793607711792
tf_efficientnet_b2: 0.8412811160087585
ensemble: 0.8900355696678162
