resnet18: 0.8542704582214355
resnet34: 0.8546263575553894
resnet50: 0.8533807992935181
tf_efficientnet_b0: 0.7946619391441345
tf_efficientnet_b2: 0.8268683552742004
ensemble: 0.886654794216156
