densenet121: 0.6428571939468384
densenet161: 0.6428571939468384
densenet201: 0.4285714626312256
ensemble: 0.9285714626312256
