resnet18: 0.9418149590492249
resnet34: 0.9462633728981018
resnet50: 0.9565836191177368
tf_efficientnet_b0: 0.9090747237205505
tf_efficientnet_b2: 0.932206392288208
ensemble: 0.9749110341072083
