resnet18: 0.9355871677398682
resnet34: 0.9441280961036682
resnet50: 0.9565836191177368
tf_efficientnet_b0: 0.9176156520843506
tf_efficientnet_b2: 0.9293594360351562
ensemble: 0.971886157989502
