resnet18: 0.9282917976379395
resnet34: 0.9462633728981018
resnet50: 0.9560498595237732
tf_efficientnet_b0: 0.9176156520843506
tf_efficientnet_b2: 0.9325622916221619
ensemble: 0.9734875559806824
