densenet121: 0.5319905281066895
densenet161: 0.7286730408668518
densenet201: 0.5023697018623352
ensemble: 0.5177725553512573
