densenet121: 1.0
densenet161: 0.8000000715255737
densenet201: 0.9000000357627869
ensemble: 0.9666666984558105
