densenet121: 0.260869562625885
densenet161: 0.260869562625885
densenet201: 0.260869562625885
ensemble: 0.3695652186870575
