resnet18: 0.6885424256324768
resnet34: 0.669325590133667
resnet50: 0.6584481596946716
tf_efficientnet_b0: 0.659173309803009
tf_efficientnet_b2: 0.6595358848571777
ensemble: 0.7015953660011292
