resnet18: 0.6896301507949829
resnet34: 0.6700507402420044
resnet50: 0.6588107347488403
tf_efficientnet_b0: 0.6598984599113464
tf_efficientnet_b2: 0.6609861850738525
ensemble: 0.7015953660011292
