resnet18: 0.6878172159194946
resnet34: 0.669325590133667
resnet50: 0.6588107347488403
tf_efficientnet_b0: 0.6595358848571777
tf_efficientnet_b2: 0.6598984599113464
ensemble: 0.7023205161094666
