resnet18: 0.6874546408653259
resnet34: 0.6649746298789978
resnet50: 0.653734564781189
tf_efficientnet_b0: 0.6493836045265198
tf_efficientnet_b2: 0.6403190493583679
ensemble: 0.6936185359954834
