resnet18: 0.6841914057731628
resnet34: 0.6649746298789978
resnet50: 0.6548223495483398
tf_efficientnet_b0: 0.6544597148895264
tf_efficientnet_b2: 0.6511964797973633
ensemble: 0.6965191960334778
