resnet18: 0.6885424256324768
resnet34: 0.6820159554481506
resnet50: 0.6936185359954834
tf_efficientnet_b0: 0.6029731631278992
tf_efficientnet_b2: 0.604423463344574
ensemble: 0.6939811110496521
