resnet18: 0.6878172159194946
resnet34: 0.6704133152961731
resnet50: 0.6595358848571777
tf_efficientnet_b0: 0.6638868451118469
tf_efficientnet_b2: 0.661348819732666
ensemble: 0.7019579410552979
