resnet18: 0.6870920658111572
resnet34: 0.6649746298789978
resnet50: 0.6540971398353577
tf_efficientnet_b0: 0.6530094146728516
tf_efficientnet_b2: 0.6472080945968628
ensemble: 0.6947063207626343
