resnet18: 0.6878172159194946
resnet34: 0.66715008020401
resnet50: 0.6544597148895264
tf_efficientnet_b0: 0.6555474996566772
tf_efficientnet_b2: 0.6530094146728516
ensemble: 0.6990572810173035
