resnet18: 0.6903553009033203
resnet34: 0.6704133152961731
resnet50: 0.6595358848571777
tf_efficientnet_b0: 0.6627991199493408
tf_efficientnet_b2: 0.6617113947868347
ensemble: 0.7023205161094666
