resnet18: 0.6896301507949829
resnet34: 0.6700507402420044
resnet50: 0.6598984599113464
tf_efficientnet_b0: 0.6617113947868347
tf_efficientnet_b2: 0.661348819732666
ensemble: 0.7019579410552979
