resnet18: 0.6870920658111572
resnet34: 0.6696881651878357
resnet50: 0.6598984599113464
tf_efficientnet_b0: 0.6620739698410034
tf_efficientnet_b2: 0.6609861850738525
ensemble: 0.7019579410552979
