resnet18: 0.6881798505783081
resnet34: 0.6700507402420044
resnet50: 0.6598984599113464
tf_efficientnet_b0: 0.6620739698410034
tf_efficientnet_b2: 0.661348819732666
ensemble: 0.7023205161094666
