resnet18: 0.6892675757408142
resnet34: 0.6686004400253296
resnet50: 0.6562726497650146
tf_efficientnet_b0: 0.656997799873352
tf_efficientnet_b2: 0.6548223495483398
ensemble: 0.6994198560714722
