resnet18: 0.6863669157028198
resnet34: 0.6700507402420044
resnet50: 0.6598984599113464
tf_efficientnet_b0: 0.6620739698410034
tf_efficientnet_b2: 0.6598984599113464
ensemble: 0.703045666217804
