resnet18: 0.6899927258491516
resnet34: 0.6707758903503418
resnet50: 0.6598984599113464
tf_efficientnet_b0: 0.6646119952201843
tf_efficientnet_b2: 0.6620739698410034
ensemble: 0.703045666217804
