resnet18: 0.6885424256324768
resnet34: 0.6696881651878357
resnet50: 0.6598984599113464
tf_efficientnet_b0: 0.661348819732666
tf_efficientnet_b2: 0.6598984599113464
ensemble: 0.703045666217804
