resnet18: 0.6870920658111572
resnet34: 0.6649746298789978
resnet50: 0.653734564781189
tf_efficientnet_b0: 0.6551849246025085
tf_efficientnet_b2: 0.6501087546348572
ensemble: 0.6961566209793091
