resnet18: 0.6881798505783081
resnet34: 0.6678752303123474
resnet50: 0.6544597148895264
tf_efficientnet_b0: 0.656997799873352
tf_efficientnet_b2: 0.653734564781189
ensemble: 0.6994198560714722
