resnet18: 0.6881798505783081
resnet34: 0.66715008020401
resnet50: 0.653734564781189
tf_efficientnet_b0: 0.6482958793640137
tf_efficientnet_b2: 0.6345177292823792
ensemble: 0.6932559609413147
