resnet18: 0.6874546408653259
resnet34: 0.6649746298789978
resnet50: 0.6540971398353577
tf_efficientnet_b0: 0.6508339047431946
tf_efficientnet_b2: 0.6450326442718506
ensemble: 0.6943436861038208
