resnet18: 0.6878172159194946
resnet34: 0.6689630150794983
resnet50: 0.6584481596946716
tf_efficientnet_b0: 0.6573603749275208
tf_efficientnet_b2: 0.6566352248191833
ensemble: 0.700870156288147
