resnet18: 0.6889050006866455
resnet34: 0.6704133152961731
resnet50: 0.6595358848571777
tf_efficientnet_b0: 0.6627991199493408
tf_efficientnet_b2: 0.661348819732666
ensemble: 0.7019579410552979
