resnet18: 0.6899927258491516
resnet34: 0.6696881651878357
resnet50: 0.6598984599113464
tf_efficientnet_b0: 0.6606236100196838
tf_efficientnet_b2: 0.6609861850738525
ensemble: 0.7023205161094666
