resnet18: 0.6870920658111572
resnet34: 0.6689630150794983
resnet50: 0.6573603749275208
tf_efficientnet_b0: 0.656997799873352
tf_efficientnet_b2: 0.6577229499816895
ensemble: 0.7005075812339783
