resnet18: 0.6878172159194946
resnet34: 0.6707758903503418
resnet50: 0.6595358848571777
tf_efficientnet_b0: 0.6642494201660156
tf_efficientnet_b2: 0.6617113947868347
ensemble: 0.7023205161094666
