resnet18: 0.6881798505783081
resnet34: 0.6686004400253296
resnet50: 0.6595358848571777
tf_efficientnet_b0: 0.6392313241958618
tf_efficientnet_b2: 0.6287164688110352
ensemble: 0.6918056607246399
