resnet18: 0.6878172159194946
resnet34: 0.6700507402420044
resnet50: 0.6577229499816895
tf_efficientnet_b0: 0.6580855846405029
tf_efficientnet_b2: 0.6588107347488403
ensemble: 0.7012327909469604
