resnet18: 0.6881798505783081
resnet34: 0.6744017004966736
resnet50: 0.6704133152961731
tf_efficientnet_b0: 0.6276286840438843
tf_efficientnet_b2: 0.6142131686210632
ensemble: 0.6936185359954834
