densenet121: 0.46800950169563293
densenet161: 0.4881516695022583
densenet201: 0.4988151788711548
ensemble: 0.49526068568229675
