densenet121: 0.46800950169563293
densenet161: 0.46800950169563293
densenet201: 0.475118488073349
ensemble: 0.5035545229911804
