densenet121: 0.5663507580757141
densenet161: 0.7405213713645935
densenet201: 0.5094786882400513
ensemble: 0.5248815417289734
