densenet121: 0.14788146317005157
densenet161: 0.14788146317005157
densenet201: 0.16034339368343353
ensemble: 0.1484353393316269
