densenet121: 0.14372749626636505
densenet161: 0.6934366822242737
densenet201: 0.2545001208782196
ensemble: 0.1362503468990326
