densenet121: 0.15009692311286926
densenet161: 0.6264192461967468
densenet201: 0.21102187037467957
ensemble: 0.15314316749572754
