densenet121: 0.16283577680587769
densenet161: 0.3234561085700989
densenet201: 0.42204374074935913
ensemble: 0.14898920059204102
