densenet121: 0.16588202118873596
densenet161: 0.16588202118873596
densenet201: 0.16809748113155365
ensemble: 0.15951259434223175
