densenet121: 0.6543893218040466
densenet161: 0.7568540573120117
densenet201: 0.7178066968917847
ensemble: 0.7446690201759338
