densenet121: 0.4948398470878601
densenet161: 0.5071174502372742
densenet201: 0.4928825795650482
ensemble: 0.5060498118400574
