densenet121: 0.5112099647521973
densenet161: 0.48879003524780273
densenet201: 0.5112099647521973
ensemble: 0.4959074854850769
