densenet121: 0.6909253001213074
densenet161: 0.5083630084991455
densenet201: 0.4791814982891083
ensemble: 0.6813167333602905
