densenet121: 0.45836299657821655
densenet161: 0.49519574642181396
densenet201: 0.504804253578186
ensemble: 0.4669039249420166
