densenet121: 0.5574733018875122
densenet161: 0.4016014337539673
densenet201: 0.6697508692741394
ensemble: 0.41530248522758484
