densenet121: 0.40444839000701904
densenet161: 0.5631672739982605
densenet201: 0.5462633371353149
ensemble: 0.5551601648330688
