densenet121: 0.4343416392803192
densenet161: 0.4964412748813629
densenet201: 0.47811388969421387
ensemble: 0.48416370153427124
