densenet121: 1.0
densenet161: 0.7666667103767395
densenet201: 0.9000000357627869
ensemble: 0.9000000357627869
