resnet18: 0.6117647290229797
resnet34: 0.5764706134796143
resnet50: 0.5882353186607361
tf_efficientnet_b0: 0.5764706134796143
tf_efficientnet_b2: 0.658823549747467
ensemble: 0.6470588445663452
