resnet18: 0.6941176652908325
resnet34: 0.6352941393852234
resnet50: 0.6117647290229797
tf_efficientnet_b0: 0.6000000238418579
tf_efficientnet_b2: 0.658823549747467
ensemble: 0.6235294342041016
