densenet121: 0.5924170613288879
densenet161: 0.7334123253822327
densenet201: 0.5331753492355347
ensemble: 0.5106635093688965
