resnet18: 0.5560975670814514
resnet34: 0.5756097435951233
resnet50: 0.6000000238418579
tf_efficientnet_b0: 0.5756097435951233
tf_efficientnet_b2: 0.6146341562271118
ensemble: 0.6048780679702759
