resnet18: 0.5463414788246155
resnet34: 0.5756097435951233
resnet50: 0.5609756112098694
tf_efficientnet_b0: 0.6146341562271118
tf_efficientnet_b2: 0.6536585092544556
ensemble: 0.5902438759803772
