resnet18: 0.5414634346961975
resnet34: 0.6000000238418579
resnet50: 0.6000000238418579
tf_efficientnet_b0: 0.6000000238418579
tf_efficientnet_b2: 0.6195122003555298
ensemble: 0.6292682886123657
