resnet18: 0.507317066192627
resnet34: 0.5609756112098694
resnet50: 0.5560975670814514
tf_efficientnet_b0: 0.5804877877235413
tf_efficientnet_b2: 0.6195122003555298
ensemble: 0.5756097435951233
