resnet18: 0.5560975670814514
resnet34: 0.5804877877235413
resnet50: 0.5609756112098694
tf_efficientnet_b0: 0.6439024209976196
tf_efficientnet_b2: 0.6439024209976196
ensemble: 0.5951219797134399
