resnet18: 0.5512195229530334
resnet34: 0.5756097435951233
resnet50: 0.5853658318519592
tf_efficientnet_b0: 0.5609756112098694
tf_efficientnet_b2: 0.6243902444839478
ensemble: 0.5512195229530334
