resnet18: 0.6243902444839478
resnet34: 0.5853658318519592
resnet50: 0.5658536553382874
tf_efficientnet_b0: 0.6536585092544556
tf_efficientnet_b2: 0.5951219797134399
ensemble: 0.6390243768692017
