resnet18: 0.6292682886123657
resnet34: 0.5902438759803772
resnet50: 0.5804877877235413
tf_efficientnet_b0: 0.6341463327407837
tf_efficientnet_b2: 0.6195122003555298
ensemble: 0.6243902444839478
