resnet18: 0.5268292427062988
resnet34: 0.5609756112098694
resnet50: 0.5463414788246155
tf_efficientnet_b0: 0.5170731544494629
tf_efficientnet_b2: 0.5951219797134399
ensemble: 0.5414634346961975
