resnet18: 0.5414634346961975
resnet34: 0.5804877877235413
resnet50: 0.5756097435951233
tf_efficientnet_b0: 0.6195122003555298
tf_efficientnet_b2: 0.6195122003555298
ensemble: 0.5804877877235413
