resnet18: 0.5268292427062988
resnet34: 0.5756097435951233
resnet50: 0.5951219797134399
tf_efficientnet_b0: 0.5121951103210449
tf_efficientnet_b2: 0.6243902444839478
ensemble: 0.5609756112098694
