densenet121: 0.5604265332221985
densenet161: 0.7559242248535156
densenet201: 0.5343602299690247
ensemble: 0.5438388586044312
