resnet18: 0.8567615747451782
resnet34: 0.8512455821037292
resnet50: 0.8562277555465698
tf_efficientnet_b0: 0.7971530556678772
tf_efficientnet_b2: 0.8268683552742004
ensemble: 0.8882562518119812
