densenet121: 0.4000000059604645
densenet161: 0.4000000059604645
densenet201: 0.6240000128746033
ensemble: 0.2800000011920929
