densenet121: 0.7564575672149658
densenet161: 0.8321033120155334
densenet201: 0.8099631071090698
resnet50: 0.5055350661277771
tf_efficientnet_b0: 0.40221402049064636
ensemble: 0.8579335808753967
