densenet121: 0.4838709533214569
densenet161: 0.06451612710952759
densenet201: 0.22580644488334656
ensemble: 0.4516128897666931
