densenet121: 0.7435424327850342
densenet161: 0.8431734442710876
densenet201: 0.8136531710624695
ensemble: 0.8191881775856018
