densenet121: 0.5647059082984924
densenet161: 0.43529412150382996
densenet201: 0.5647059082984924
ensemble: 0.4470588266849518
