densenet121: 0.5529412031173706
densenet161: 0.5764706134796143
densenet201: 0.5529412031173706
ensemble: 0.529411792755127
