densenet121: 0.48235294222831726
densenet161: 0.2705882489681244
densenet201: 0.364705890417099
ensemble: 0.42352941632270813
