densenet121: 0.47058823704719543
densenet161: 0.6000000238418579
densenet201: 0.4000000059604645
ensemble: 0.4941176474094391
