densenet121: 0.3176470696926117
densenet161: 0.42352941632270813
densenet201: 0.4470588266849518
ensemble: 0.364705890417099
