densenet121: 0.4117647111415863
densenet161: 0.4941176474094391
densenet201: 0.5058823823928833
ensemble: 0.23529411852359772
