densenet121: 0.7730627655982971
densenet161: 0.8468635082244873
densenet201: 0.8062730431556702
resnet18: 0.509225070476532
vgg16: 0.5
ensemble: 0.7583025693893433
