densenet121: 0.838164210319519
densenet161: 0.7463768124580383
densenet201: 0.8695651888847351
ensemble: 0.8985506892204285
