resnet18: 0.6679589748382568
resnet34: 0.6588202714920044
resnet50: 0.6657435297966003
tf_efficientnet_b0: 0.5726945400238037
tf_efficientnet_b2: 0.5605095624923706
ensemble: 0.6496815085411072
