densenet121: 0.5414692163467407
densenet161: 0.7452607154846191
densenet201: 0.5189573764801025
ensemble: 0.48104268312454224
