resnet18: 0.6856106519699097
resnet34: 0.69649338722229
resnet50: 0.665054440498352
tf_efficientnet_b0: 0.680773913860321
tf_efficientnet_b2: 0.69649338722229
ensemble: 0.7218863368034363
