resnet18: 0.6856106519699097
resnet34: 0.7049577236175537
resnet50: 0.6831923127174377
tf_efficientnet_b0: 0.5973398089408875
tf_efficientnet_b2: 0.671100378036499
ensemble: 0.708585262298584
