resnet18: 0.6856106519699097
resnet34: 0.69649338722229
resnet50: 0.6638452410697937
tf_efficientnet_b0: 0.6819831132888794
tf_efficientnet_b2: 0.7013301253318787
ensemble: 0.7230955362319946
