resnet18: 0.6856106519699097
resnet34: 0.698911726474762
resnet50: 0.6638452410697937
tf_efficientnet_b0: 0.6590085029602051
tf_efficientnet_b2: 0.692865788936615
ensemble: 0.7158403992652893
