resnet18: 0.6856106519699097
resnet34: 0.698911726474762
resnet50: 0.665054440498352
tf_efficientnet_b0: 0.6541717052459717
tf_efficientnet_b2: 0.6916565895080566
ensemble: 0.7158403992652893
