resnet18: 0.6856106519699097
resnet34: 0.69649338722229
resnet50: 0.6638452410697937
tf_efficientnet_b0: 0.6662636399269104
tf_efficientnet_b2: 0.6952841877937317
ensemble: 0.718258798122406
