resnet18: 0.6904474496841431
resnet34: 0.7001209259033203
resnet50: 0.6626360416412354
tf_efficientnet_b0: 0.639661431312561
tf_efficientnet_b2: 0.6819831132888794
ensemble: 0.712212860584259
