resnet18: 0.6856106519699097
resnet34: 0.7013301253318787
resnet50: 0.6638452410697937
tf_efficientnet_b0: 0.6844014525413513
tf_efficientnet_b2: 0.7013301253318787
ensemble: 0.7255139350891113
