resnet18: 0.6856106519699097
resnet34: 0.698911726474762
resnet50: 0.6638452410697937
tf_efficientnet_b0: 0.6602177023887634
tf_efficientnet_b2: 0.6940749883651733
ensemble: 0.7158403992652893
