resnet18: 0.6856106519699097
resnet34: 0.698911726474762
resnet50: 0.6638452410697937
tf_efficientnet_b0: 0.6529625654220581
tf_efficientnet_b2: 0.6904474496841431
ensemble: 0.7158403992652893
