resnet18: 0.6916565895080566
resnet34: 0.7013301253318787
resnet50: 0.6638452410697937
tf_efficientnet_b0: 0.6360338926315308
tf_efficientnet_b2: 0.6819831132888794
ensemble: 0.712212860584259
