resnet18: 0.6831923127174377
resnet34: 0.7013301253318787
resnet50: 0.6626360416412354
tf_efficientnet_b0: 0.6856106519699097
tf_efficientnet_b2: 0.7013301253318787
ensemble: 0.7255139350891113
