resnet18: 0.6856106519699097
resnet34: 0.6977025866508484
resnet50: 0.6626360416412354
tf_efficientnet_b0: 0.6831923127174377
tf_efficientnet_b2: 0.702539324760437
ensemble: 0.724304735660553
