resnet18: 0.6880290508270264
resnet34: 0.7001209259033203
resnet50: 0.6638452410697937
tf_efficientnet_b0: 0.6384522318840027
tf_efficientnet_b2: 0.6856106519699097
ensemble: 0.7134220600128174
