resnet18: 0.6844014525413513
resnet34: 0.69649338722229
resnet50: 0.6638452410697937
tf_efficientnet_b0: 0.6674728393554688
tf_efficientnet_b2: 0.69649338722229
ensemble: 0.7194679975509644
