resnet18: 0.6904474496841431
resnet34: 0.7037485241889954
resnet50: 0.6686819791793823
tf_efficientnet_b0: 0.6203144192695618
tf_efficientnet_b2: 0.677146315574646
ensemble: 0.712212860584259
