resnet18: 0.6856106519699097
resnet34: 0.69649338722229
resnet50: 0.6626360416412354
tf_efficientnet_b0: 0.6723095774650574
tf_efficientnet_b2: 0.6977025866508484
ensemble: 0.7194679975509644
