resnet18: 0.6916565895080566
resnet34: 0.7013301253318787
resnet50: 0.665054440498352
tf_efficientnet_b0: 0.6299879550933838
tf_efficientnet_b2: 0.6795647144317627
ensemble: 0.712212860584259
