resnet18: 0.6892382502555847
resnet34: 0.702539324760437
resnet50: 0.6747279763221741
tf_efficientnet_b0: 0.6142684817314148
tf_efficientnet_b2: 0.6759371161460876
ensemble: 0.7073760628700256
