resnet18: 0.6856106519699097
resnet34: 0.69649338722229
resnet50: 0.665054440498352
tf_efficientnet_b0: 0.665054440498352
tf_efficientnet_b2: 0.6940749883651733
ensemble: 0.718258798122406
