resnet18: 0.6856106519699097
resnet34: 0.698911726474762
resnet50: 0.6638452410697937
tf_efficientnet_b0: 0.6420798301696777
tf_efficientnet_b2: 0.686819851398468
ensemble: 0.714631199836731
