resnet18: 0.6844014525413513
resnet34: 0.7001209259033203
resnet50: 0.6626360416412354
tf_efficientnet_b0: 0.6844014525413513
tf_efficientnet_b2: 0.702539324760437
ensemble: 0.7230955362319946
