densenet121: 0.20825254917144775
densenet161: 0.6890057921409607
densenet201: 0.2988092005252838
ensemble: 0.22486844658851624
