densenet121: 0.64054274559021
densenet161: 0.3190251886844635
densenet201: 0.6613126397132874
ensemble: 0.44115203619003296
