densenet121: 0.15591248869895935
densenet161: 0.15591248869895935
densenet201: 0.1642204374074936
ensemble: 0.15508168935775757
