densenet121: 0.15508168935775757
densenet161: 0.3112711012363434
densenet201: 0.6887288689613342
ensemble: 0.1498199850320816
