densenet121: 0.16311269998550415
densenet161: 0.16311269998550415
densenet201: 0.16311269998550415
ensemble: 0.15286624431610107
