densenet121: 0.1542508900165558
densenet161: 0.3126557767391205
densenet201: 0.17806701362133026
ensemble: 0.14511215686798096
