densenet121: 0.8154981732368469
densenet161: 0.8154981732368469
densenet201: 0.7730627655982971
ensemble: 0.8228782415390015
