densenet121: 0.8413284420967102
densenet161: 0.8413284420967102
densenet201: 0.8413284420967102
ensemble: 0.8634686470031738
