densenet121: 0.8376383781433105
densenet161: 0.8376383781433105
densenet201: 0.7029520273208618
ensemble: 0.8653136491775513
