densenet121: 0.8154981732368469
densenet161: 0.821033239364624
densenet201: 0.821033239364624
ensemble: 0.8579335808753967
