densenet121: 0.8284133076667786
densenet161: 0.8284133076667786
densenet201: 0.6937269568443298
ensemble: 0.8321033120155334
