densenet121: 0.8376383781433105
densenet161: 0.8376383781433105
densenet201: 0.8376383781433105
ensemble: 0.8487085103988647
