densenet121: 0.7343173623085022
densenet161: 0.8265682458877563
densenet201: 0.785977840423584
ensemble: 0.8523985147476196
