densenet121: 0.8321033120155334
densenet161: 0.8321033120155334
densenet201: 0.6937269568443298
ensemble: 0.8376383781433105
