densenet121: 0.8505535125732422
densenet161: 0.8505535125732422
densenet201: 0.8505535125732422
ensemble: 0.8487085103988647
