densenet121: 0.830258309841156
densenet161: 0.8763837814331055
densenet201: 0.7749077677726746
ensemble: 0.8173431754112244
