resnet18: 0.6961566209793091
resnet34: 0.6740391254425049
resnet50: 0.6722262501716614
tf_efficientnet_b0: 0.6769397854804993
tf_efficientnet_b2: 0.6479332447052002
ensemble: 0.7106598615646362
