resnet18: 0.6903553009033203
resnet34: 0.6820159554481506
resnet50: 0.6845539808273315
tf_efficientnet_b0: 0.6751269102096558
tf_efficientnet_b2: 0.6472080945968628
ensemble: 0.716461181640625
