resnet18: 0.692893385887146
resnet34: 0.679477870464325
resnet50: 0.6725888252258301
tf_efficientnet_b0: 0.6399564743041992
tf_efficientnet_b2: 0.6519216895103455
ensemble: 0.7019579410552979
