resnet18: 0.6947063207626343
resnet34: 0.6860043406486511
resnet50: 0.6562726497650146
tf_efficientnet_b0: 0.680565595626831
tf_efficientnet_b2: 0.63560551404953
ensemble: 0.7066714763641357
