resnet18: 0.6769397854804993
resnet34: 0.6892675757408142
resnet50: 0.6823785305023193
tf_efficientnet_b0: 0.5674401521682739
tf_efficientnet_b2: 0.5833937525749207
ensemble: 0.6769397854804993
