resnet18: 0.6892675757408142
resnet34: 0.6765772104263306
resnet50: 0.6624365448951721
tf_efficientnet_b0: 0.7106598615646362
tf_efficientnet_b2: 0.6722262501716614
ensemble: 0.7211747765541077
