resnet18: 0.7052211761474609
resnet34: 0.6932559609413147
resnet50: 0.6791152954101562
tf_efficientnet_b0: 0.6823785305023193
tf_efficientnet_b2: 0.6526468396186829
ensemble: 0.7106598615646362
