resnet18: 0.6863669157028198
resnet34: 0.6602610349655151
resnet50: 0.6588107347488403
tf_efficientnet_b0: 0.6744017004966736
tf_efficientnet_b2: 0.6533719897270203
ensemble: 0.6921682357788086
