resnet18: 0.6965191960334778
resnet34: 0.6802030205726624
resnet50: 0.6751269102096558
tf_efficientnet_b0: 0.6330674290657043
tf_efficientnet_b2: 0.6686004400253296
ensemble: 0.6986947059631348
