resnet18: 0.7023205161094666
resnet34: 0.6852791905403137
resnet50: 0.6744017004966736
tf_efficientnet_b0: 0.617838978767395
tf_efficientnet_b2: 0.6497461795806885
ensemble: 0.7081218361854553
