resnet18: 0.6943436861038208
resnet34: 0.6758520603179932
resnet50: 0.6780275702476501
tf_efficientnet_b0: 0.6261783838272095
tf_efficientnet_b2: 0.6439448595046997
ensemble: 0.6983321309089661
