resnet18: 0.703045666217804
resnet34: 0.6863669157028198
resnet50: 0.6791152954101562
tf_efficientnet_b0: 0.6860043406486511
tf_efficientnet_b2: 0.6667875051498413
ensemble: 0.7222625017166138
