resnet18: 0.6941176652908325
resnet34: 0.6470588445663452
resnet50: 0.6000000238418579
tf_efficientnet_b0: 0.6235294342041016
tf_efficientnet_b2: 0.6705882549285889
ensemble: 0.658823549747467
