resnet18: 0.658823549747467
resnet34: 0.6117647290229797
resnet50: 0.5882353186607361
tf_efficientnet_b0: 0.6823529601097107
tf_efficientnet_b2: 0.6352941393852234
ensemble: 0.6470588445663452
