resnet18: 0.7058823704719543
resnet34: 0.6352941393852234
resnet50: 0.6235294342041016
tf_efficientnet_b0: 0.529411792755127
tf_efficientnet_b2: 0.6823529601097107
ensemble: 0.6941176652908325
