resnet18: 0.5647059082984924
resnet34: 0.6000000238418579
resnet50: 0.5647059082984924
tf_efficientnet_b0: 0.6235294342041016
tf_efficientnet_b2: 0.6941176652908325
ensemble: 0.5882353186607361
