resnet18: 0.6352941393852234
resnet34: 0.5764706134796143
resnet50: 0.5764706134796143
tf_efficientnet_b0: 0.6000000238418579
tf_efficientnet_b2: 0.6000000238418579
ensemble: 0.5882353186607361
