resnet18: 0.6000000238418579
resnet34: 0.5411764979362488
resnet50: 0.529411792755127
tf_efficientnet_b0: 0.6352941393852234
tf_efficientnet_b2: 0.6941176652908325
ensemble: 0.6235294342041016
