resnet18: 0.5882353186607361
resnet34: 0.658823549747467
resnet50: 0.6235294342041016
tf_efficientnet_b0: 0.5411764979362488
tf_efficientnet_b2: 0.658823549747467
ensemble: 0.6117647290229797
