resnet18: 0.6117647290229797
resnet34: 0.6117647290229797
resnet50: 0.5529412031173706
tf_efficientnet_b0: 0.529411792755127
tf_efficientnet_b2: 0.5764706134796143
ensemble: 0.6352941393852234
