resnet18: 0.5882353186607361
resnet34: 0.658823549747467
resnet50: 0.5647059082984924
tf_efficientnet_b0: 0.6117647290229797
tf_efficientnet_b2: 0.6705882549285889
ensemble: 0.6705882549285889
