resnet18: 0.6117647290229797
resnet34: 0.5647059082984924
resnet50: 0.5176470875740051
tf_efficientnet_b0: 0.6000000238418579
tf_efficientnet_b2: 0.658823549747467
ensemble: 0.6000000238418579
