resnet18: 0.3951219618320465
resnet34: 0.5463414788246155
resnet50: 0.5560975670814514
tf_efficientnet_b0: 0.6195122003555298
tf_efficientnet_b2: 0.6146341562271118
ensemble: 0.5560975670814514
