resnet18: 0.5170731544494629
resnet34: 0.5463414788246155
resnet50: 0.5756097435951233
tf_efficientnet_b0: 0.6195122003555298
tf_efficientnet_b2: 0.6195122003555298
ensemble: 0.5951219797134399
