resnet18: 0.507317066192627
resnet34: 0.5463414788246155
resnet50: 0.5756097435951233
tf_efficientnet_b0: 0.6195122003555298
tf_efficientnet_b2: 0.6146341562271118
ensemble: 0.5951219797134399
