resnet18: 0.5512195229530334
resnet34: 0.5414634346961975
resnet50: 0.5804877877235413
tf_efficientnet_b0: 0.6195122003555298
tf_efficientnet_b2: 0.6243902444839478
ensemble: 0.6000000238418579
