resnet18: 0.5609756112098694
resnet34: 0.5414634346961975
resnet50: 0.5804877877235413
tf_efficientnet_b0: 0.6195122003555298
tf_efficientnet_b2: 0.6243902444839478
ensemble: 0.5951219797134399
