resnet18: 0.3658536672592163
resnet34: 0.5463414788246155
resnet50: 0.5268292427062988
tf_efficientnet_b0: 0.6195122003555298
tf_efficientnet_b2: 0.6146341562271118
ensemble: 0.5463414788246155
