resnet18: 0.9338078498840332
resnet34: 0.9391459226608276
resnet50: 0.9476868510246277
tf_efficientnet_b0: 0.9170818328857422
tf_efficientnet_b2: 0.9298932552337646
ensemble: 0.9679715633392334
