resnet18: 0.9336299300193787
resnet34: 0.9393238425254822
resnet50: 0.9476868510246277
tf_efficientnet_b0: 0.9170818328857422
tf_efficientnet_b2: 0.931138813495636
ensemble: 0.9686833024024963
