resnet18: 0.9332740306854248
resnet34: 0.9391459226608276
resnet50: 0.9475089311599731
tf_efficientnet_b0: 0.9172598123550415
tf_efficientnet_b2: 0.9284697771072388
ensemble: 0.967437744140625
