resnet18: 0.9306049942970276
resnet34: 0.941459059715271
resnet50: 0.9471530318260193
tf_efficientnet_b0: 0.9209964275360107
tf_efficientnet_b2: 0.9320284724235535
ensemble: 0.96921706199646
