resnet18: 0.9313167333602905
resnet34: 0.9389680027961731
resnet50: 0.9478647708892822
tf_efficientnet_b0: 0.9172598123550415
tf_efficientnet_b2: 0.932206392288208
ensemble: 0.9681494832038879
