resnet18: 0.9339857697486877
resnet34: 0.9389680027961731
resnet50: 0.9478647708892822
tf_efficientnet_b0: 0.9172598123550415
tf_efficientnet_b2: 0.9307829141616821
ensemble: 0.968505322933197
