resnet18: 0.9332740306854248
resnet34: 0.9393238425254822
resnet50: 0.9478647708892822
tf_efficientnet_b0: 0.9176156520843506
tf_efficientnet_b2: 0.9314946532249451
ensemble: 0.9683274030685425
