resnet18: 0.9336299300193787
resnet34: 0.9393238425254822
resnet50: 0.9475089311599731
tf_efficientnet_b0: 0.9170818328857422
tf_efficientnet_b2: 0.9290035367012024
ensemble: 0.967437744140625
