resnet18: 0.9282917976379395
resnet34: 0.941459059715271
resnet50: 0.9473309516906738
tf_efficientnet_b0: 0.9206405878067017
tf_efficientnet_b2: 0.9345195889472961
ensemble: 0.9693950414657593
