resnet18: 0.9338078498840332
resnet34: 0.9389680027961731
resnet50: 0.9476868510246277
tf_efficientnet_b0: 0.917437732219696
tf_efficientnet_b2: 0.9307829141616821
ensemble: 0.9683274030685425
