resnet18: 0.932918131351471
resnet34: 0.9391459226608276
resnet50: 0.9480426907539368
tf_efficientnet_b0: 0.917437732219696
tf_efficientnet_b2: 0.930427074432373
ensemble: 0.9681494832038879
