resnet18: 0.9336299300193787
resnet34: 0.9389680027961731
resnet50: 0.9478647708892822
tf_efficientnet_b0: 0.9177936315536499
tf_efficientnet_b2: 0.9313167333602905
ensemble: 0.968505322933197
