resnet18: 0.9295373558998108
resnet34: 0.9416370391845703
resnet50: 0.9476868510246277
tf_efficientnet_b0: 0.9209964275360107
tf_efficientnet_b2: 0.9320284724235535
ensemble: 0.96921706199646
