resnet18: 0.9338078498840332
resnet34: 0.9393238425254822
resnet50: 0.9480426907539368
tf_efficientnet_b0: 0.9170818328857422
tf_efficientnet_b2: 0.9302490949630737
ensemble: 0.9683274030685425
