resnet18: 0.9320284724235535
resnet34: 0.9389680027961731
resnet50: 0.9478647708892822
tf_efficientnet_b0: 0.9179715514183044
tf_efficientnet_b2: 0.9314946532249451
ensemble: 0.9683274030685425
