resnet18: 0.9325622916221619
resnet34: 0.9391459226608276
resnet50: 0.9476868510246277
tf_efficientnet_b0: 0.9176156520843506
tf_efficientnet_b2: 0.9313167333602905
ensemble: 0.968505322933197
