resnet18: 0.9307829141616821
resnet34: 0.9400355815887451
resnet50: 0.9480426907539368
tf_efficientnet_b0: 0.9195729494094849
tf_efficientnet_b2: 0.9320284724235535
ensemble: 0.9686833024024963
