resnet18: 0.9275800585746765
resnet34: 0.9423487782478333
resnet50: 0.9478647708892822
tf_efficientnet_b0: 0.9195729494094849
tf_efficientnet_b2: 0.9350534081459045
ensemble: 0.9701067805290222
