resnet18: 0.9336299300193787
resnet34: 0.9393238425254822
resnet50: 0.9478647708892822
tf_efficientnet_b0: 0.9172598123550415
tf_efficientnet_b2: 0.9284697771072388
ensemble: 0.967437744140625
