resnet18: 0.9339857697486877
resnet34: 0.9389680027961731
resnet50: 0.9476868510246277
tf_efficientnet_b0: 0.9177936315536499
tf_efficientnet_b2: 0.931138813495636
ensemble: 0.968505322933197
