resnet18: 0.9313167333602905
resnet34: 0.9389680027961731
resnet50: 0.9482206702232361
tf_efficientnet_b0: 0.9185053706169128
tf_efficientnet_b2: 0.9320284724235535
ensemble: 0.9681494832038879
