resnet18: 0.9309608340263367
resnet34: 0.9395017623901367
resnet50: 0.9480426907539368
tf_efficientnet_b0: 0.9195729494094849
tf_efficientnet_b2: 0.9318505525588989
ensemble: 0.9683274030685425
