resnet18: 0.9314946532249451
resnet34: 0.9389680027961731
resnet50: 0.9478647708892822
tf_efficientnet_b0: 0.9176156520843506
tf_efficientnet_b2: 0.9316726326942444
ensemble: 0.9679715633392334
