resnet18: 0.9286476969718933
resnet34: 0.9434163570404053
resnet50: 0.9475089311599731
tf_efficientnet_b0: 0.9188612103462219
tf_efficientnet_b2: 0.9343416690826416
ensemble: 0.9713523387908936
