resnet18: 0.9387900233268738
resnet34: 0.9437722563743591
resnet50: 0.9478647708892822
tf_efficientnet_b0: 0.9085409045219421
tf_efficientnet_b2: 0.9330961108207703
ensemble: 0.9724199175834656
