densenet121: 0.7398524284362793
densenet161: 0.830258309841156
densenet201: 0.8081181049346924
ensemble: 0.8357933759689331
