densenet121: 0.5
densenet161: 0.47999998927116394
densenet201: 0.5399999618530273
ensemble: 0.5099999904632568
