densenet121: 0.4899999797344208
densenet161: 0.41499999165534973
densenet201: 0.5399999618530273
ensemble: 0.4449999928474426
