densenet121: 0.4399999976158142
densenet161: 0.41499999165534973
densenet201: 0.5399999618530273
ensemble: 0.45499998331069946
