densenet121: 0.5199999809265137
densenet161: 0.41499999165534973
densenet201: 0.5399999618530273
ensemble: 0.48499998450279236
