densenet121: 0.7730627655982971
densenet161: 0.8339483737945557
densenet201: 0.7988929748535156
ensemble: 0.8579335808753967
