densenet121: 0.4099999964237213
densenet161: 0.41999998688697815
densenet201: 0.4099999964237213
ensemble: 0.41999998688697815
