densenet121: 0.5438388586044312
densenet161: 0.7547393441200256
densenet201: 0.5284360647201538
ensemble: 0.48341232538223267
