resnet18: 0.6352941393852234
resnet34: 0.6000000238418579
resnet50: 0.5647059082984924
tf_efficientnet_b0: 0.6823529601097107
tf_efficientnet_b2: 0.658823549747467
ensemble: 0.6823529601097107
