densenet121: 0.7546125650405884
densenet161: 0.8339483737945557
densenet201: 0.7988929748535156
ensemble: 0.8634686470031738
