resnet18: 0.625
resnet34: 0.6599999666213989
resnet50: 0.6699999570846558
tf_efficientnet_b0: 0.6200000047683716
tf_efficientnet_b2: 0.5849999785423279
ensemble: 0.6449999809265137
