resnet18: 0.6349999904632568
resnet34: 0.6649999618530273
resnet50: 0.675000011920929
tf_efficientnet_b0: 0.6200000047683716
tf_efficientnet_b2: 0.5849999785423279
ensemble: 0.6499999761581421
