resnet18: 0.625
resnet34: 0.6599999666213989
resnet50: 0.6449999809265137
tf_efficientnet_b0: 0.625
tf_efficientnet_b2: 0.5899999737739563
ensemble: 0.6399999856948853
