densenet121: 0.7142857313156128
densenet161: 0.785714328289032
densenet201: 0.6428571939468384
ensemble: 0.785714328289032
