resnet18: 0.529411792755127
resnet34: 0.6000000238418579
resnet50: 0.5764706134796143
tf_efficientnet_b0: 0.5529412031173706
tf_efficientnet_b2: 0.5647059082984924
ensemble: 0.5882353186607361
