resnet18: 0.5764706134796143
resnet34: 0.5529412031173706
resnet50: 0.6117647290229797
tf_efficientnet_b0: 0.6470588445663452
tf_efficientnet_b2: 0.6235294342041016
ensemble: 0.6352941393852234
