resnet18: 0.6352941393852234
resnet34: 0.6470588445663452
resnet50: 0.5058823823928833
tf_efficientnet_b0: 0.6000000238418579
tf_efficientnet_b2: 0.729411780834198
ensemble: 0.6352941393852234
