resnet18: 0.6000000238418579
resnet34: 0.6705882549285889
resnet50: 0.5411764979362488
tf_efficientnet_b0: 0.6235294342041016
tf_efficientnet_b2: 0.6352941393852234
ensemble: 0.6352941393852234
