resnet18: 0.6470588445663452
resnet34: 0.6352941393852234
resnet50: 0.5529412031173706
tf_efficientnet_b0: 0.6117647290229797
tf_efficientnet_b2: 0.658823549747467
ensemble: 0.6352941393852234
