resnet18: 0.658823549747467
resnet34: 0.658823549747467
resnet50: 0.6117647290229797
tf_efficientnet_b0: 0.5764706134796143
tf_efficientnet_b2: 0.5764706134796143
ensemble: 0.6352941393852234
