resnet18: 0.5764706134796143
resnet34: 0.6000000238418579
resnet50: 0.5176470875740051
tf_efficientnet_b0: 0.5411764979362488
tf_efficientnet_b2: 0.658823549747467
ensemble: 0.6117647290229797
