resnet18: 0.6235294342041016
resnet34: 0.658823549747467
resnet50: 0.5882353186607361
tf_efficientnet_b0: 0.5529412031173706
tf_efficientnet_b2: 0.6000000238418579
ensemble: 0.6352941393852234
