resnet18: 0.6117647290229797
resnet34: 0.5882353186607361
resnet50: 0.6117647290229797
tf_efficientnet_b0: 0.5176470875740051
tf_efficientnet_b2: 0.5647059082984924
ensemble: 0.5647059082984924
