resnet18: 0.5411764979362488
resnet34: 0.5529412031173706
resnet50: 0.5647059082984924
tf_efficientnet_b0: 0.5176470875740051
tf_efficientnet_b2: 0.6117647290229797
ensemble: 0.5529412031173706
