resnet18: 0.6033897995948792
resnet34: 0.6101694703102112
resnet50: 0.6203389763832092
tf_efficientnet_b0: 0.5932203531265259
tf_efficientnet_b2: 0.5999999642372131
ensemble: 0.6169491410255432
