resnet18: 0.6508474349975586
resnet34: 0.5762711763381958
resnet50: 0.5932203531265259
tf_efficientnet_b0: 0.5389830470085144
tf_efficientnet_b2: 0.6271186470985413
ensemble: 0.6203389763832092
