resnet18: 0.5593219995498657
resnet34: 0.5728813409805298
resnet50: 0.5999999642372131
tf_efficientnet_b0: 0.5728813409805298
tf_efficientnet_b2: 0.6169491410255432
ensemble: 0.6135593056678772
