resnet18: 0.5796610116958618
resnet34: 0.5627118349075317
resnet50: 0.5355932116508484
tf_efficientnet_b0: 0.501694917678833
tf_efficientnet_b2: 0.5661016702651978
ensemble: 0.5389830470085144
