resnet18: 0.5661016702651978
resnet34: 0.5728813409805298
resnet50: 0.5864406824111938
tf_efficientnet_b0: 0.5762711763381958
tf_efficientnet_b2: 0.5830508470535278
ensemble: 0.6033897995948792
