resnet18: 0.5593219995498657
resnet34: 0.5389830470085144
resnet50: 0.5966101884841919
tf_efficientnet_b0: 0.5525423884391785
tf_efficientnet_b2: 0.5864406824111938
ensemble: 0.5762711763381958
