resnet18: 0.5762711763381958
resnet34: 0.5559322237968445
resnet50: 0.5627118349075317
tf_efficientnet_b0: 0.5559322237968445
tf_efficientnet_b2: 0.5762711763381958
ensemble: 0.5864406824111938
