resnet18: 0.5999999642372131
resnet34: 0.5627118349075317
resnet50: 0.6135593056678772
tf_efficientnet_b0: 0.5762711763381958
tf_efficientnet_b2: 0.6169491410255432
ensemble: 0.6203389763832092
