resnet18: 0.6237288117408752
resnet34: 0.6067796349525452
resnet50: 0.5932203531265259
tf_efficientnet_b0: 0.5661016702651978
tf_efficientnet_b2: 0.5830508470535278
ensemble: 0.6372881531715393
