resnet18: 0.5762711763381958
resnet34: 0.5830508470535278
resnet50: 0.5932203531265259
tf_efficientnet_b0: 0.5999999642372131
tf_efficientnet_b2: 0.6101694703102112
ensemble: 0.5999999642372131
