resnet18: 0.5999999642372131
resnet34: 0.5661016702651978
resnet50: 0.5796610116958618
tf_efficientnet_b0: 0.5593219995498657
tf_efficientnet_b2: 0.5559322237968445
ensemble: 0.5932203531265259
