resnet18: 0.5966101884841919
resnet34: 0.5423728823661804
resnet50: 0.5559322237968445
tf_efficientnet_b0: 0.5627118349075317
tf_efficientnet_b2: 0.5966101884841919
ensemble: 0.5593219995498657
