resnet18: 0.6352941393852234
resnet34: 0.6823529601097107
resnet50: 0.5882353186607361
tf_efficientnet_b0: 0.5882353186607361
tf_efficientnet_b2: 0.6941176652908325
ensemble: 0.658823549747467
