resnet18: 0.9407473206520081
resnet34: 0.9453736543655396
resnet50: 0.9510676264762878
tf_efficientnet_b0: 0.9145907759666443
tf_efficientnet_b2: 0.9334519505500793
ensemble: 0.9741992950439453
