densenet121: 0.4588235318660736
densenet161: 0.5176470875740051
densenet201: 0.43529412150382996
ensemble: 0.4941176474094391
