densenet121: 0.529411792755127
densenet161: 0.48235294222831726
densenet201: 0.4470588266849518
ensemble: 0.4941176474094391
