densenet121: 0.5529412031173706
densenet161: 0.4588235318660736
densenet201: 0.4470588266849518
ensemble: 0.529411792755127
