densenet121: 0.7896679043769836
densenet161: 0.8560885787010193
densenet201: 0.8339483737945557
ensemble: 0.8616236448287964
