densenet121: 0.6328502297401428
densenet161: 0.2632850110530853
densenet201: 0.5410627722740173
ensemble: 0.6038647294044495
