densenet121: 0.509661853313446
densenet161: 0.6666666865348816
densenet201: 0.6690821051597595
ensemble: 0.5193236470222473
