densenet121: 0.5
densenet161: 0.30917873978614807
densenet201: 0.6908212304115295
ensemble: 0.4975845217704773
