densenet121: 0.4565217196941376
densenet161: 0.5386473536491394
densenet201: 0.46859902143478394
ensemble: 0.45410627126693726
