densenet121: 0.4975845217704773
densenet161: 0.3140096664428711
densenet201: 0.8091787099838257
ensemble: 0.4975845217704773
