densenet121: 0.4033816456794739
densenet161: 0.6618357300758362
densenet201: 0.33816424012184143
ensemble: 0.43478259444236755
