densenet121: 0.8333333134651184
densenet161: 0.772946834564209
densenet201: 0.8768115639686584
ensemble: 0.8429951667785645
